0101011011001001101101010
0101011101011111110101010
0011001110100111111100011
0110011110111111110001100
1101111011001110000110000
0000011111101001110000000
0001010111110110001100010
0101011111010101111101010
0001001110111110111000010
1110110101101011010110111
101111010000110000110000010000101111
100000111110000110011111011010110000
010000100100111110001111001110000110
000110000111000111111111110111010010
000000110111011001010001011010001110
001011001111111110111110001111001010
011110010111011101111101010111011110
001100101101010010010010010010101101
001100010111011101011101010111001110
011000111100011111011111111100011000
0000000111011011110001101011000000111110000000100001010110001111111100010101110011111100000000010000
0000000100000001010000010101000101010100111111111111111111110101010100000101010000000101000000000100
0011110000011111100011111111000111111110001111111100111111110111111110111111110001111110000011110000
0000011100000011111011111110111111111111000011110100001111011111111111111111101100001111100000011100
0011000110011110011111111011111011001111111001111111111111111111110111011111011100110001110000011110
0001100000001100000001111000110111000001111111111111111111110111000000011110000000110000000001100000
0000001111011111111111111111111111111111111111111101110111100111000000011100000000110000000001100000
0001111000001000010001000000101000000001100000000110000000011000000001010000001000100001000001111000
1111111111110000001110001100011000110001101111110010111111001000110001100011000111000000111111111111
0000100100000110000100111010110111110011111111011111111111111111110011011111011100111000110001101001

